212.8007475649157 126.84008598118933
209.1133270263672 136.19178771972656
198.7709503173828 140.4822998046875
186.88946533203125 143.34774780273438
174.76353454589844 145.03492736816406
161.47860717773438 146.37374877929688
148.4514617919922 147.75509643554688
139.89373779296875 146.1678924560547
123.83586120605469 141.35935974121094
114.56387329101562 141.65890502929688
112.22589874267578 145.0013885498047
109.65945434570312 148.63101196289062
103.56327819824219 152.13804626464844
78.11816392496165 167.74648791631643
