53.32244447510798 136.1830894051414
55.86771011352539 144.37989807128906
63.16666793823242 149.8754119873047
74.29476165771484 152.39874267578125
81.27176666259766 152.95237731933594
83.6159896850586 153.2031707763672
89.00211334228516 153.29505920410156
99.07356262207031 152.9300079345703
112.30230712890625 146.39723205566406
117.80609893798828 133.2490997314453
122.75847625732422 124.21539306640625
124.61980438232422 112.9716567993164
124.23462677001953 101.99040222167969
122.7881088256836 91.99954223632812
122.27881622314453 88.10585021972656
121.2314682006836 86.07810974121094
119.27519989013672 82.62596893310547
115.58485412597656 68.87844848632812
115.08487701416016 56.35792922973633
115.71820068359375 52.3988151550293
115.99005126953125 47.32758712768555
123.12684631347656 39.02505111694336
136.13479614257812 36.62137222290039
146.1922607421875 36.7015380859375
159.03562927246094 36.63017272949219
166.87973022460938 35.97159957885742
180.74789428710938 35.640380859375
184.3108367919922 35.31989288330078
211.94304066133324 29.93724170279709
